x1_0=2.*rand(1,1)-1;
x2_0=2.*rand(1,1)-1;
x3_0=2.*rand(1,1)-1;
x4_0=2.*rand(1,1)-1;