x1_0=1;
x2_0=-1;
x3_0=3;
x4_0=1;
y1_0=0;
y2_0=2;
y3_0=1;
y4_0=1;
